
x_2 =

    2.0000
         0
    1.0000
         0
    1.5000


v_2 =

   -1.5500


s_2 =

     1
