
x_2 =

    2.5000
         0
         0
    1.0000
    1.0000
    4.0000
         0
         0


v_2 =

   -4.5000


s_2 =

     1
